1733685849008 4.126063978945347 0
1733685849017 4.054484706118414 1
1733685849025 3.9839777716042923 2
1733685849034 3.8761255614131005 3
1733685849042 3.7225675450010485 4
1733685849051 3.6174521094697285 5
1733685849060 3.562742483720998 6
1733685849068 3.5058965048882484 7
1733685849076 3.4983921532067463 8
1733685849085 3.4926545191904435 9
1733685849093 3.4859256377716332 10
1733685849102 3.4854200316064152 11
1733685849110 3.484920433421194 12
1733685849119 3.4842541951981802 13
1733685849128 3.4842048194252837 14
1733685849139 3.4841555282552408 15
1733685849147 3.4840886018473847 16
1733685849156 3.4840841444711836 17
1733685849164 3.484079655305839 18
1733685849173 3.484073392676298 19
