1733685849004 0.004086928006517824 0
1733685849014 0.00396744501522399 1
1733685849022 0.0038465263811473913 2
1733685849031 0.003673712537349637 3
1733685849039 0.003411758836930391 4
1733685849048 0.0032462479865319723 5
1733685849057 0.0031578385338476306 6
1733685849065 0.003062326622703088 7
1733685849074 0.0030503522098800284 8
1733685849082 0.0030409506323371195 9
1733685849091 0.0030295855364051026 10
1733685849099 0.0030287550207115776 11
1733685849107 0.003027935638839816 12
1733685849116 0.003026817143094813 13
1733685849125 0.0030267362760435755 14
1733685849135 0.003026655558135354 15
1733685849144 0.0030265438092816656 16
1733685849153 0.0030265366655283293 17
1733685849161 0.003026529577621497 18
1733685849170 0.0030265192289358725 19
