1733685849011 0.06392908576319407 0
1733685849020 0.06298765764198562 1
1733685849028 0.06202037069501755 2
1733685849036 0.06061115852175766 3
1733685849045 0.0584102631130043 4
1733685849054 0.056975854416866555 5
1733685849063 0.05619464862286827 6
1733685849071 0.05533829255319582 7
1733685849079 0.05522999375230843 8
1733685849088 0.05514481509931028 9
1733685849096 0.05504167090854985 10
1733685849104 0.05503412596481912 11
1733685849113 0.05502668115414391 12
1733685849122 0.05501651700257672 13
1733685849132 0.055015782063364105 14
1733685849142 0.05501504846980828 15
1733685849150 0.055014032839646156 16
1733685849158 0.055013967912961245 17
1733685849167 0.05501390349376689 18
1733685849176 0.05501380943850255 19
