1733686983082 0.0028032798667327833 0
1733686983092 0.0027284239702936954 1
1733686983100 0.0026489790181739854 2
1733686983108 0.002602933385898754 3
1733686983115 0.0024581630651097177 4
1733686983123 0.0023968910024959153 5
1733686983131 0.002364832012898336 6
1733686983139 0.002339007845148444 7
1733686983146 0.002304432802375848 8
1733686983154 0.0022996153974495196 9
1733686983161 0.002296134861091436 10
1733686983169 0.0022917540167789845 11
1733686983178 0.002291445674816683 12
1733686983186 0.002291141051830629 13
1733686983194 0.0022907008282777113 14
1733686983202 0.002290670616331242 15
1733686983210 0.00229064039175667 16
1733686983218 0.002290595972405399 17
1733686983225 0.0022905932218467784 18
1733686983233 0.002290590434193106 19
