1733686983086 4.495729979822191 0
1733686983095 4.422394749269647 1
1733686983102 4.339879634016651 2
1733686983110 4.293573428008516 3
1733686983118 4.152094963849601 4
1733686983126 4.086893621541686 5
1733686983134 4.052578703023619 6
1733686983141 4.025899828894664 7
1733686983149 3.9932434728590107 8
1733686983156 3.987727229878054 9
1733686983164 3.9838506343001026 10
1733686983172 3.97947161399712 11
1733686983181 3.979137863547115 12
1733686983189 3.9788084450414627 13
1733686983197 3.978368057638912 14
1733686983205 3.9783354516756737 15
1733686983213 3.978302852178024 16
1733686983220 3.9782583462989938 17
1733686983228 3.978255362429861 18
1733686983235 3.978252397957495 19
