1733686983089 0.05294600897832417 0
1733686983097 0.0522343179365223 1
1733686983105 0.05146823309745523 2
1733686983113 0.05101895124263879 3
1733686983121 0.04957986552129521 4
1733686983128 0.048958053499867774 5
1733686983136 0.04862953848123932 6
1733686983144 0.048363290263881385 7
1733686983151 0.04800450814637983 8
1733686983159 0.0479543053067138 9
1733686983166 0.04791800143047951 10
1733686983174 0.04787226772129125 11
1733686983184 0.047869047147574215 12
1733686983192 0.047865865205077296 13
1733686983199 0.047861266471727545 14
1733686983207 0.04786095085068037 15
1733686983215 0.04786063509562603 16
1733686983223 0.04786017104446451 17
1733686983230 0.04786014230909451 18
1733686983238 0.04786011318617107 19
