1733687949849 4.552594709008396 0
1733687949859 4.475928330290622 1
1733687949868 4.426981442540799 2
1733687949878 4.398259900976377 3
1733687949887 4.355778519874941 4
1733687949896 4.324428313660419 5
1733687949905 4.2611172309233085 6
1733687949914 4.184629682326159 7
1733687949924 4.153075552861873 8
1733687949932 4.119512880554488 9
1733687949941 4.116657257513157 10
1733687949951 4.114532231643951 11
1733687949960 4.111018442895577 12
1733687949969 4.11082973397218 13
1733687949978 4.110641373821103 14
1733687949987 4.110287483092627 15
1733687949996 4.110268674794525 16
1733687950005 4.110249896523179 17
1733687950018 4.110213808981788 18
1733687950032 4.110212048951928 19
