1733687949853 0.045354835657896435 0
1733687949862 0.044697485607879346 1
1733687949871 0.04432322304432751 2
1733687949881 0.04406610346728987 3
1733687949890 0.04371614084292867 4
1733687949899 0.04343178788308548 5
1733687949908 0.04274349715069308 6
1733687949917 0.04210755270243192 7
1733687949927 0.041866757806863324 8
1733687949935 0.04160020722099018 9
1733687949945 0.041566195271503625 10
1733687949954 0.04154154628042346 11
1733687949963 0.0415091684383004 12
1733687949972 0.041507032909377156 13
1733687949981 0.041504913791687185 14
1733687949990 0.04150165260603782 15
1733687949999 0.04150144103445375 16
1733687950008 0.041501228795996555 17
1733687950021 0.04150089739203523 18
1733687950035 0.04150087796154455 19
