1733687949843 0.002057061117554794 0
1733687949856 0.001997865219666581 1
1733687949865 0.001964548101037205 2
1733687949875 0.0019418214747898965 3
1733687949884 0.0019111009701987766 4
1733687949893 0.0018863201987213308 5
1733687949902 0.0018270065486713073 6
1733687949911 0.0017730459945880814 7
1733687949920 0.001752825409258551 8
1733687949929 0.0017305772408293234 9
1733687949938 0.0017277485893487704 10
1733687949948 0.0017257000673685642 11
1733687949957 0.0017230110644391944 12
1733687949966 0.0017228337809401181 13
1733687949975 0.0017226578688553853 14
1733687949984 0.0017223871690322458 15
1733687949993 0.001722369607936242 16
1733687950002 0.0017223519915776538 17
1733687950011 0.001722324484344237 18
1733687950024 0.0017223228715790141 19
