1733684639127 3.2923697956148765 0
1733684639136 3.1960788147691 1
1733684639144 3.1439601481512596 2
1733684639151 3.107292996547551 3
1733684639159 3.0783196832414217 4
1733684639165 3.054044823897512 5
1733684639170 3.03247137203383 6
1733684639174 3.0123624852081354 7
1733684639179 2.9934034829289784 8
1733684639183 2.9751786461774397 9
1733684639188 2.9575312273176344 10
1733684639193 2.940281674522031 11
1733684639198 2.923181083586379 12
1733684639202 2.9029277371717046 13
1733684639207 2.8817666875278785 14
1733684639211 2.8765243062642605 15
1733684639216 2.873104765376727 16
1733684639221 2.8679112096653827 17
1733684639225 2.867301438479662 18
1733684639230 2.8667823087283146 19
