1733684639122 0.008593456793543966 0
1733684639134 0.008244101851745057 1
1733684639141 0.008033819252285683 2
1733684639149 0.00788300243028728 3
1733684639156 0.007762297384955208 4
1733684639163 0.007657703001390088 5
1733684639168 0.007562213081495057 6
1733684639173 0.007472121340750513 7
1733684639177 0.007385264941227874 8
1733684639182 0.007300245502943464 9
1733684639186 0.007216095827821385 10
1733684639191 0.007132130289039924 11
1733684639196 0.00704786753495261 12
1733684639201 0.006899006554403181 13
1733684639205 0.006849493152547911 14
1733684639210 0.006833696485164777 15
1733684639214 0.006820747975128979 16
1733684639219 0.006795173286761092 17
1733684639224 0.0067935412292977355 18
1733684639229 0.006792059003187531 19
