1733684639131 0.0927008996371878 0
1733684639139 0.09079703658019384 1
1733684639146 0.0896315750853776 2
1733684639154 0.08878627388446528 3
1733684639161 0.08810390107682638 4
1733684639166 0.08750830247119462 5
1733684639171 0.08696098597356781 6
1733684639176 0.08644143300958466 7
1733684639180 0.08593756420348365 8
1733684639185 0.08544147413840344 9
1733684639190 0.08494760636899303 10
1733684639194 0.0844519407061787 11
1733684639199 0.08395157851376357 12
1733684639204 0.08306025857414111 13
1733684639208 0.08276166475215388 14
1733684639213 0.08266617497601288 15
1733684639218 0.0825878197746434 16
1733684639222 0.08243284106932802 17
1733684639227 0.08242294115898641 18
1733684639232 0.08241394908137537 19
