1733685341651 3.928483952164019 0
1733685341662 3.801404865961226 1
1733685341672 3.7341921480875166 2
1733685341682 3.6223999845918526 3
1733685341692 3.59068739224994 4
1733685341702 3.504799832742681 5
1733685341712 3.5169930261278908 6
1733685341723 3.3708903891699653 7
1733685341732 3.2423781722941727 8
1733685341743 3.198839907545261 9
1733685341753 3.1689025359178977 10
1733685341763 3.134484705723152 11
1733685341773 3.1293519900589395 12
1733685341784 3.125306628999256 13
1733685341794 3.120952250339367 14
1733685341804 3.1205853449604497 15
1733685341814 3.1202218971555196 16
1733685341824 3.1197786076359018 17
1733685341833 3.119742328653891 18
1733685341844 3.119705974740326 19
