1733685341647 0.005658781459486043 0
1733685341658 0.0053848230905791435 1
1733685341668 0.0052301609740843845 2
1733685341678 0.00500218280290485 3
1733685341688 0.004906263009265617 4
1733685341699 0.004716463519073037 5
1733685341709 0.004661212790580023 6
1733685341719 0.004303148075465172 7
1733685341729 0.004068634755633496 8
1733685341740 0.00398149220913491 9
1733685341750 0.003915050364636555 10
1733685341759 0.003827598016886484 11
1733685341770 0.0038182732870890982 12
1733685341780 0.00381055219522702 13
1733685341790 0.0038000994642812106 14
1733685341801 0.0037993937839197103 15
1733685341810 0.0037986929937408715 16
1733685341820 0.0037976426018214732 17
1733685341830 0.0037975726461915113 18
1733685341840 0.003797502655082594 19
