1733685341655 0.07522487261196288 0
1733685341665 0.07338135383446631 1
1733685341675 0.07231985186713524 2
1733685341685 0.07072611118183192 3
1733685341695 0.07004472149466809 4
1733685341705 0.06867651359142393 5
1733685341716 0.06827307515104343 6
1733685341726 0.06559838470164621 7
1733685341736 0.06378585074790094 8
1733685341746 0.06309906662649543 9
1733685341756 0.06257036330913027 10
1733685341766 0.06186758454058542 11
1733685341776 0.06179217820314395 12
1733685341787 0.06172967029903059 13
1733685341797 0.06164494678626311 14
1733685341807 0.06163922277186589 15
1733685341817 0.06163353789732398 16
1733685341827 0.061625016039117374 17
1733685341837 0.061624448445333053 18
1733685341848 0.061623880558453914 19
