1733983277402 0.0616553248169632 0
1733983277404 0.052793097622558474 1
1733983277407 0.051068567574375515 2
1733983277409 0.05056678342788994 3
1733983277411 0.04977659312064646 4
1733983277413 0.04963110629487926 5
1733983277416 0.049189558157409795 6
1733983277418 0.049712217795507066 7
1733983277420 0.04878773970521616 8
1733983277422 0.048716089308479545 9
1733983277425 0.04852769600955271 10
1733983277427 0.048156392765043673 11
1733983277429 0.04809987586313807 12
1733983277431 0.04799947046520665 13
1733983277434 0.04781575654732479 14
