1733983277401 5.698739303472383 0
1733983277404 4.9959751511596435 1
1733983277406 4.8002792506023955 2
1733983277408 4.734168534518319 3
1733983277411 4.646965524607645 4
1733983277413 4.630713331111268 5
1733983277415 4.576636929554527 6
1733983277417 4.652595045412747 7
1733983277419 4.524703428042702 8
1733983277422 4.516030822045573 9
1733983277424 4.49504090373866 10
1733983277426 4.4505938740465085 11
1733983277428 4.443998657965868 12
1733983277431 4.434574991656617 13
1733983277433 4.4137106925662035 14
