1733983277400 0.0038013790782852382 0
1733983277403 0.002787111156584989 1
1733983277405 0.002607998594098558 2
1733983277408 0.0025569995862431247 3
1733983277410 0.0024777092226983886 4
1733983277412 0.0024632467120536037 5
1733983277414 0.0024196126317212003 6
1733983277416 0.0024713045981479293 7
1733983277419 0.0023802435455439253 8
1733983277421 0.002373257357511755 9
1733983277423 0.002354937279995558 10
1733983277425 0.0023190381641411506 11
1733983277428 0.0023135980580492924 12
1733983277430 0.002303949164940246 13
1733983277432 0.0022863465741930337 14
