1733687505090 4.4620012352845535 0
1733687505106 4.392335100572051 1
1733687505120 4.321753319506401 2
1733687505134 4.27297989354846 3
1733687505148 4.1477593360579705 4
1733687505161 4.072624310655151 5
1733687505176 4.039936905220321 6
1733687505190 4.002821869867413 7
1733687505203 3.998635641380312 8
1733687505217 3.9950840306738638 9
1733687505231 3.990691215633641 10
1733687505245 3.990357933729537 11
1733687505259 3.990029624970611 12
1733687505273 3.989585049879771 13
1733687505286 3.9895526030700967 14
1733687505299 3.9895202316723184 15
1733687505313 3.989475477826468 16
1733687505327 3.98947270378811 17
1733687505340 3.989469962153301 18
1733687505354 3.9894659489106545 19
