1733687505095 0.04842352876440744 0
1733687505109 0.047685156223719834 1
1733687505125 0.04707942754354421 2
1733687505138 0.04653448905555089 3
1733687505152 0.04540376489547685 4
1733687505167 0.04466252735659332 5
1733687505180 0.04433893235970551 6
1733687505194 0.04396540785011028 7
1733687505208 0.043925208439233095 8
1733687505222 0.04389044265346742 9
1733687505236 0.04384588145462573 10
1733687505250 0.04384260661652054 11
1733687505264 0.043839371835672665 12
1733687505277 0.0438348959245382 13
1733687505290 0.04383457568427378 14
1733687505304 0.04383425573793135 15
1733687505318 0.043833806291803785 16
1733687505331 0.04383377908795274 17
1733687505345 0.04383375171532628 18
1733687505359 0.04383371191454436 19
