1733687505084 0.002344838137997395 0
1733687505101 0.002273874124080566 1
1733687505115 0.0022164724978278295 2
1733687505129 0.0021654586716611853 3
1733687505143 0.002061501866683736 4
1733687505157 0.0019947413498784465 5
1733687505171 0.001965940922798541 6
1733687505185 0.0019329570874265388 7
1733687505199 0.0019294239364300745 8
1733687505212 0.0019263709563173122 9
1733687505226 0.0019224613205330926 10
1733687505240 0.0019221741549309706 11
1733687505254 0.0019218905229463697 12
1733687505268 0.0019214981007150956 13
1733687505281 0.0019214700254203258 14
1733687505295 0.0019214419760983678 15
1733687505308 0.0019214025740273769 16
1733687505322 0.0019214001891314431 17
1733687505336 0.0019213977894408697 18
1733687505349 0.0019213943002072682 19
