1733686403116 0.003280325901252612 0
1733686403132 0.0031992308588272306 1
1733686403145 0.0031551182708087363 2
1733686403159 0.0031050939489771627 3
1733686403171 0.0029620254881901004 4
1733686403184 0.0028784354335738946 5
1733686403197 0.002837791760704654 6
1733686403209 0.002809700748480667 7
1733686403222 0.0027709548120876237 8
1733686403235 0.0027653088505079936 9
1733686403248 0.0027614229198908275 10
1733686403261 0.0027562971660962045 11
1733686403275 0.002755966289087309 12
1733686403288 0.0027556393603336508 13
1733686403301 0.0027551254537745806 14
1733686403314 0.0027550930478925802 15
1733686403329 0.00275506062425231 16
1733686403342 0.002755008569831755 17
1733686403356 0.0027550059011584873 18
1733686403368 0.0027550032482703485 19
