1733686403127 0.0572741294237862 0
1733686403141 0.05656174377463296 1
1733686403154 0.056170439474947466 2
1733686403167 0.055723369863793795 3
1733686403180 0.054424493458277594 4
1733686403192 0.05365105249269481 5
1733686403205 0.05327092791293065 6
1733686403218 0.053006610422480956 7
1733686403230 0.052639859537119055 8
1733686403244 0.05258620399408949 9
1733686403257 0.052549242809871465 10
1733686403270 0.05250044919899452 11
1733686403284 0.05249729792177221 12
1733686403297 0.05249418406198587 13
1733686403310 0.05248928894331281 14
1733686403322 0.052488980251978415 15
1733686403338 0.052488671389665696 16
1733686403352 0.052488175523938294 17
1733686403364 0.052488150102270585 18
1733686403377 0.05248812483095913 19
