1733686403121 4.29565222384566 0
1733686403137 4.22826707161079 1
1733686403150 4.200909479189727 2
1733686403163 4.162551081786721 3
1733686403176 4.048307814840543 4
1733686403188 3.979475910380735 5
1733686403201 3.9451185646703686 6
1733686403213 3.921190476013442 7
1733686403226 3.891744837922565 8
1733686403239 3.8871326345508384 9
1733686403253 3.883810738385734 10
1733686403266 3.8799348402831515 11
1733686403279 3.879641094450223 12
1733686403292 3.8793497893769864 13
1733686403306 3.8789598557908658 14
1733686403318 3.8789308050931512 15
1733686403334 3.878901720046997 16
1733686403347 3.8788621324603842 17
1733686403360 3.8788597179671465 18
1733686403373 3.8788573155968877 19
